2 7.15 1.52925e-05
4 7.1709 4.58775e-05
6 7.18002 0.000259972
8 7.1636 0.000512298
10 7.18594 0.000267619
12 7.13967 0.000856379
14 7.22066 14.2848
16 7.1696 12.4994
18 7.19496 11.1106
20 7.12362 9.999
22 7.22026 9.09015
24 7.15051 8.33256
26 7.16637 7.69156
28 7.25269 10.7128
30 7.24389 9.9986
32 7.19579 9.373
34 7.16894 8.82205
36 7.19571 8.33147
38 7.2404 7.89262
40 7.32292 7.49735
42 7.16951 9.52108
44 7.16533 9.08985
46 7.19014 8.69229
48 7.16857 8.33038
50 7.21679 7.99703
52 7.18789 7.69046
54 7.18753 7.40533
56 7.17956 8.9264
58 7.2311 8.6174
60 7.2053 8.33038
62 7.21384 8.06357
64 7.21871 7.80958
66 7.23784 7.57468
68 7.187 7.35145
70 7.18574 8.56667
72 7.19493 8.32859
74 7.21132 8.10645
76 7.22617 7.88944
78 7.19456 7.69146
80 7.14553 7.49705
