2 0.0746512 0.000108034
4 0.074739 0.000101282
6 0.0729295 0.00016205
8 0.0886551 0.000243076
10 0.0896612 0.000330853
12 0.0740908 0.000283588
14 0.0825242 0.000283588
16 0.10563 0.000317349
18 0.105792 0.000634698
20 0.106042 0.000445639
22 0.080215 0.000499656
24 0.103935 0.000479399
26 0.0701949 0.000681962
28 0.0686149 0.000621193
30 0.0563395 0.000654954
32 0.0375619 0.000621193
34 0.0599587 0.000972303
36 0.038649 0.00109384
38 0.0449622 0.00115461
40 0.0817342 0.00102632
42 0.0502289 0.000938542
44 0.053929 0.000850765
46 0.041647 0.000871021
48 0.0643003 0.00076974
50 0.0472512 0.00122888
52 0.0365829 0.00128965
54 0.0757451 0.00139093
56 0.0536792 0.000992559
58 0.0647392 0.00160025
60 0.0544625 0.00141794
62 0.0664744 0.00149221
64 0.0404113 0.00153273
66 0.0725783 0.00169478
68 0.0561977 0.00172854
70 0.0396011 0.00180956
72 0.0348476 0.00164751
74 0 0.00146521
76 0 0.00189059
78 0.0435781 0.00174204
80 0 0.00186358
