2 7.87619 0.007542
4 3.48859 0.069354
6 2.59286 0.064224
8 0.89541 0.068229
10 0.950688 0.130653
12 3.06659 0.120231
14 0.601551 0.046827
16 0.858357 0.062019
18 1.02917 0.144207
20 0.725706 0.149859
22 1.0228 0.110889
24 1.04759 0.333225
26 0.937161 0.141003
28 0.672678 0.152496
30 0.636948 0.238617
32 0.650304 0.138456
34 0.642159 0.199746
36 0.48762 0.287118
38 0.484641 0.274266
40 0.440559 0.203112
42 0.97551 0.329769
44 0.510723 0.249507
46 0.738081 0.297441
48 0.787275 0.393291
50 0.509229 0.399168
52 0.406647 0.422829
54 0.882063 0.420696
56 0.498123 0.592146
58 0.452241 0.349272
60 0.509661 0.412884
62 0.510174 0.54864
64 0.514386 0.44244
66 0.590301 0.429732
68 0.620001 0.389079
70 0.520128 0.501588
72 0.54819 0.44802
74 0.538785 0.544122
76 0.481284 0.39888
78 0.576216 0.43398
80 0.503469 0.553626
