1 0.43288 6.84264
1 0.430639 6.87824
2 0.666956 4.44113
3 0.880754 3.36307
1 0.432704 6.84542
3 0.967032 3.06302
5 1.2345 2.39939
7 1.34953 2.19486
9 1.33496 2.21882
11 1.31142 2.25865
13 1.28049 2.31321
15 1.21552 2.43685
17 1.24339 2.38223
19 1.15944 2.55473
21 1.13552 2.60852
23 1.10721 2.67523
25 1.11815 2.64905
27 1.08131 2.73931
29 1.10086 2.69066
31 1.04365 2.83814
33 1.00005 2.96188
35 1.04088 2.8457
37 1.01832 2.90875
39 0.986321 3.00312
41 0.98741 2.99981
43 1.08719 2.72448
45 0.939476 3.15286
47 1.23638 2.39574
49 0.963125 3.07545
51 0.915805 3.23436
53 0.902821 3.28087
55 0.890319 3.32694
57 0.934763 3.16876
59 0.942869 3.14152
2 0.719049 4.11939
4 1.12481 2.63336
6 1.31982 2.24428
8 1.34186 2.20741
10 1.28611 2.3031
12 1.29383 2.28936
14 1.27191 2.32882
16 1.23428 2.39982
18 1.23124 2.40573
20 1.86823 1.58548
22 1.12767 2.62668
24 1.0875 2.72373
26 1.14437 2.58835
28 1.10198 2.68792
30 1.06308 2.78629
32 1.05761 2.80069
34 1.05346 2.81173
36 1.03464 2.86287
38 1.05248 2.81436
40 0.992811 2.98349
42 0.991805 2.98652
44 1.00717 2.94095
46 0.92329 3.20814
48 0.910997 3.25143
50 1.05361 2.81134
52 0.923917 3.20596
54 0.946178 3.13053
56 0.887072 3.33912
58 0.928314 3.19077
60 0.889887 3.32856
62 0.873943 3.38928
64 0.829927 3.56904
66 0.857474 3.45438
68 0.872576 3.39459
