2 0.808476 14.7251
4 1.40002 8.50336
6 1.87499 6.34929
8 1.90229 6.25819
10 2.20658 5.39515
12 1.99212 5.97598
14 2.33382 5.10101
16 1.93868 6.1407
18 2.06999 5.75117
20 1.97598 6.02478
22 2.38973 4.98167
24 1.14361 10.4099
26 1.996 5.96435
28 1.57479 7.55964
30 1.66354 7.15635
32 2.04437 5.82324
34 1.96641 6.05412
36 1.32372 8.99351
38 1.70492 6.98265
40 1.89751 6.27395
42 1.26617 9.40225
44 1.74815 6.80997
46 1.4401 8.26669
48 1.07277 11.0974
50 1.39544 8.53127
52 1.59471 7.46522
54 1.79214 6.64281
56 1.68818 7.05189
58 1.58936 7.49036
60 1.41396 8.41951
62 1.80885 6.58146
64 1.19826 9.93515
66 1.56387 7.61245
68 1.14665 10.3823
70 1.56148 7.6241
72 1.40409 8.47871
74 1.0111 11.7742
76 1.63445 7.28372
78 1.37413 8.66355
80 1.4195 8.38663
