2 0.780159 3.35273
4 1.31254 1.99282
6 1.62713 1.60754
8 1.88699 1.38616
10 1.72628 1.5152
12 1.79706 1.45552
14 2.06544 1.26639
16 1.61018 1.62446
18 1.50345 1.73977
20 1.44093 1.81525
22 1.38431 1.88951
24 1.33247 1.96302
26 1.3102 1.99639
28 1.27743 2.0476
30 1.28722 2.03202
32 1.58293 1.65242
34 1.25571 2.08301
36 1.24084 2.10797
38 1.24503 2.10088
40 1.13614 2.30224
42 1.21424 2.15416
44 1.19875 2.182
46 1.23649 2.11539
48 1.23153 2.12391
50 1.20499 2.1707
52 1.19056 2.19701
54 1.19568 2.1876
56 1.19427 2.19018
58 1.16833 2.2388
60 1.25911 2.07738
62 1.19145 2.19537
64 1.1376 2.29929
66 1.14575 2.28292
68 1.10517 2.36676
70 1.08096 2.41976
72 1.11267 2.35079
74 1.07046 2.4435
76 1.05993 2.46776
78 0.998679 2.61912
80 1.00486 2.60302
