2 0.773213 2.87401
4 1.44153 1.54157
6 2.00517 1.10824
8 2.22669 0.997994
10 2.37432 0.93594
12 2.33931 0.949949
14 2.0682 1.07447
16 1.9724 1.12666
18 1.72113 1.29114
20 1.62959 1.36367
22 1.88691 1.1777
24 1.51001 1.47166
26 1.4987 1.48276
28 1.40949 1.57661
30 1.39968 1.58767
32 1.42748 1.55675
34 1.29663 1.71384
36 1.29635 1.71421
38 1.55481 1.42925
40 1.27796 1.73888
42 1.364 1.62919
44 1.38817 1.60083
46 1.30405 1.7041
48 1.22413 1.81535
50 1.41585 1.56954
52 1.40178 1.58528
54 1.29892 1.71083
56 1.32353 1.67901
58 1.24705 1.78198
60 1.86203 1.19344
62 1.33874 1.65993
64 1.21188 1.8337
66 1.29496 1.71605
68 1.18025 1.88284
70 1.27069 1.74883
72 1.19507 1.85948
74 1.17827 1.88601
76 1.13784 1.95302
78 1.10226 2.01605
80 1.08804 2.04241
