1 0.430332 6.88315
1 0.430284 6.88392
2 0.675227 4.38673
3 0.890369 3.32676
1 0.428484 6.91284
3 0.890616 3.32583
5 1.15585 2.56265
7 1.23376 2.40083
9 1.19934 2.46973
11 1.12829 2.62525
13 1.05145 2.81711
15 0.983388 3.01208
17 0.928339 3.19069
19 0.899911 3.29148
21 0.872376 3.39537
23 0.829272 3.57186
25 0.805974 3.67511
27 0.765288 3.87049
29 0.789385 3.75234
31 0.7504 3.94728
33 0.817502 3.62328
35 0.798684 3.70865
37 0.745377 3.97388
39 0.757886 3.9083
41 1.01681 2.91307
43 0.721096 4.10769
45 0.72691 4.07484
47 0.726275 4.0784
49 0.720258 4.11247
51 0.727574 4.07112
53 0.724419 4.08885
55 0.72529 4.08394
57 0.72519 4.0845
59 0.715666 4.13886
2 0.671073 4.41388
4 1.0648 2.78177
6 1.20134 2.46561
8 1.2288 2.41052
10 1.13609 2.60723
12 1.04974 2.8217
14 0.975053 3.03782
16 0.950203 3.11727
18 0.88536 3.34558
20 0.872194 3.39608
22 0.831111 3.56395
24 0.856437 3.45856
26 0.794351 3.72888
28 0.79167 3.74151
30 0.758098 3.9072
32 0.769968 3.84697
34 0.750467 3.94693
36 0.746326 3.96883
38 0.736736 4.02049
40 0.780114 3.79693
42 0.76325 3.88082
44 0.744125 3.98057
46 0.730452 4.05508
48 0.731783 4.0477
50 0.718558 4.1222
52 0.718367 4.1233
54 0.745216 3.97474
56 0.718743 4.12114
58 0.713312 4.15252
60 0.700798 4.22667
62 0.698439 4.24094
64 0.697497 4.24667
66 0.710719 4.16766
68 0.702326 4.21747
