2 0.790491 3.30891
4 1.09036 2.39889
6 1.27629 2.04942
8 1.34946 1.9383
10 1.26525 2.06732
12 1.18776 2.20218
14 1.21492 2.15295
16 1.09274 2.39366
18 1.00891 2.59255
20 1.00881 2.59282
22 0.967753 2.70282
24 0.949432 2.75498
26 0.928187 2.81804
28 0.931146 2.80908
30 0.916461 2.85409
32 0.896052 2.9191
34 0.874589 2.99074
36 0.864781 3.02465
38 0.868529 3.0116
40 0.935884 2.79486
42 0.846547 3.0898
44 0.86523 3.02308
46 0.849084 3.08057
48 0.82887 3.1557
50 0.881194 2.96832
52 0.84922 3.08008
54 0.832455 3.14211
56 0.822107 3.18166
58 0.835711 3.12986
60 0.811165 3.22458
62 0.808944 3.23343
64 0.809911 3.22957
66 0.802131 3.26089
68 0.811717 3.22238
70 0.808854 3.23379
72 0.817954 3.19781
74 0.78112 3.34861
76 0.791668 3.30399
78 0.768804 3.40225
80 0.758467 3.44862
