2 0.75293 15.8114
4 1.27185 9.36025
6 1.50769 7.89609
8 1.99836 5.95732
10 1.43959 8.26959
12 1.31537 9.0506
14 1.18746 10.0255
16 1.18245 10.0679
18 1.19513 9.96112
20 1.07917 11.0315
22 1.131 10.526
24 1.05448 11.2898
26 0.999282 11.9134
28 0.936057 12.7181
30 0.902296 13.194
32 0.898006 13.257
34 0.962794 12.3649
36 0.881249 13.5091
38 0.862737 13.7989
40 1.0484 11.3553
42 0.861418 13.8201
44 0.871561 13.6592
46 0.890732 13.3653
48 0.88407 13.466
50 0.809097 14.7138
52 0.853169 13.9537
54 0.921779 12.9151
56 0.82863 14.3669
58 0.917512 12.9751
60 0.907508 13.1182
62 0.76303 15.6021
64 0.771121 15.4384
66 0.815556 14.5972
68 0.8235 14.4564
70 0.809999 14.6974
72 0.849992 14.0059
74 0.803578 14.8148
76 0.854536 13.9314
78 0.859908 13.8443
80 0.788302 15.1019
