2 0.874822 2.5402
4 1.52978 1.45264
6 1.91883 1.15811
8 1.87642 1.18429
10 1.68116 1.32184
12 1.57599 1.41005
14 1.5831 1.40372
16 1.46136 1.52065
18 1.4283 1.55585
20 1.38244 1.60746
22 1.3683 1.62407
24 1.87626 1.18439
26 1.36365 1.62961
28 1.34491 1.65232
30 1.33539 1.6641
32 1.35167 1.64405
34 1.35573 1.63913
36 1.40637 1.58011
38 1.38203 1.60794
40 1.34056 1.65769
42 1.39206 1.59636
44 1.35359 1.64172
46 1.41575 1.56964
48 1.79096 1.2408
50 1.38232 1.60761
52 1.3587 1.63556
54 1.34221 1.65565
56 1.30361 1.70467
58 1.3688 1.62348
60 1.90107 1.16893
62 1.33177 1.66862
64 1.32607 1.6758
66 1.30081 1.70834
68 1.2724 1.74648
70 1.31793 1.68615
72 1.21352 1.83122
74 1.24946 1.77854
76 1.19596 1.85811
78 1.19964 1.85241
80 1.1047 2.0116
