2 0.824847 3.17109
4 1.13042 2.31389
6 1.359 1.9247
8 1.47751 1.77032
10 1.52567 1.71443
12 1.32822 1.96929
14 1.30248 2.00822
16 1.25844 2.07849
18 1.21264 2.157
20 1.14731 2.27982
22 1.14546 2.2835
24 1.18895 2.19998
26 1.11982 2.33579
28 1.15397 2.26666
30 1.12809 2.31867
32 1.08269 2.41589
34 1.05874 2.47055
36 1.07477 2.43369
38 1.15197 2.2706
40 1.0838 2.41341
42 1.08168 2.41815
44 0.92251 2.83538
46 1.05451 2.48044
48 1.04272 2.50851
50 0.899795 2.90695
52 0.901252 2.90225
54 0.909977 2.87443
56 1.06512 2.45574
58 1.00534 2.60178
60 0.92217 2.83642
62 0.999467 2.61706
64 0.917971 2.8494
66 0.977809 2.67502
68 0.854576 3.06077
70 0.880909 2.96928
72 0.871601 3.00099
74 0.819106 3.19332
76 0.825858 3.1672
78 0.871238 3.00224
80 0.794125 3.29377
