2 0.880374 13.5225
4 1.29481 9.1943
6 1.891 6.29553
8 1.94547 6.11927
10 2.20229 5.40567
12 2.19483 5.42404
14 1.98692 5.99161
16 2.1664 5.49522
18 2.39853 4.9634
20 1.9451 6.12043
22 1.96154 6.06914
24 2.34523 5.0762
26 1.66528 7.14885
28 2.08372 5.71328
30 2.01228 5.9161
32 1.62179 7.34057
34 1.40721 8.45991
36 1.45455 8.18458
38 1.66703 7.14137
40 1.70096 6.99893
42 1.69425 7.02662
44 1.67936 7.08891
46 1.54461 7.70734
48 1.28414 9.27071
50 1.53743 7.74333
52 1.52613 7.80069
54 1.51602 7.85272
56 1.2782 9.31379
58 1.35359 8.79503
60 1.32346 8.99524
62 1.46805 8.10931
64 1.56945 7.58538
66 1.55291 7.66617
68 1.6679 7.13761
70 1.28374 9.27355
72 1.32728 8.96937
74 1.2535 9.49731
76 1.24102 9.59281
78 1.18529 10.0439
80 1.11416 10.6851
