1 0 0
1 0 0
2 0.61558 4.81179
3 0.888626 3.33328
3 0.888626 3.33328
3 0.850399 3.48312
5 1.28467 2.30568
7 1.36232 2.17426
9 1.47198 2.01228
11 1.34334 2.20499
13 1.3306 2.2261
15 1.24149 2.38587
17 1.26189 2.34731
19 1.20444 2.45926
21 0.972612 3.04545
23 1.16787 2.53628
25 1.14861 2.5788
27 1.13518 2.60932
29 1.10589 2.67843
31 1.10044 2.69169
33 0.897189 3.30147
35 1.09022 2.71693
37 1.04915 2.82328
39 1.05737 2.80132
41 0 0
43 0 0
45 1.0407 2.84621
47 1.02752 2.8827
49 0.971406 3.04923
51 1.01939 2.9057
53 0.942075 3.14417
55 0.814162 3.63815
57 0.914388 3.23937
59 0.942543 3.1426
2 0.607089 4.87909
4 1.07555 2.75399
6 1.35589 2.18458
8 1.40937 2.10168
10 1.32454 2.23628
12 1.30714 2.26605
14 1.2972 2.28341
16 1.26363 2.34408
18 1.26695 2.33793
20 1.22019 2.42751
22 1.16577 2.54085
24 1.16136 2.55049
26 0.902707 3.28129
28 1.12177 2.64051
30 0.864196 3.42751
32 0.85946 3.4464
34 1.09759 2.69869
36 1.17224 2.52682
38 1.05732 2.80145
40 0 0
42 1.01946 2.90549
44 1.05095 2.81843
46 1.01621 2.9148
48 0.819336 3.61517
50 0 0
52 0.981226 3.01871
54 0.789476 3.75191
56 0.995868 2.97433
58 0.9434 3.13975
60 0.939478 3.15286
62 1.01245 2.92561
64 0.988301 2.9971
66 0.777259 3.81088
68 0.870006 3.40462
