2 0.730606 3.58013
4 1.12277 2.32966
6 1.37404 1.90363
8 1.50404 1.73909
10 1.54724 1.69053
12 1.35416 1.93157
14 1.27958 2.04415
16 1.34758 1.94101
18 1.20852 2.16436
20 1.21152 2.15899
22 1.08942 2.40097
24 1.18758 2.20252
26 1.10046 2.37689
28 1.15035 2.27379
30 0.995162 2.62838
32 0.995009 2.62878
34 1.08859 2.4028
36 0.96622 2.70711
38 0.963395 2.71505
40 0.94747 2.76068
42 0.975133 2.68237
44 1.06025 2.46702
46 0.955197 2.73835
48 0.941442 2.77836
50 1.02604 2.54929
52 0.996397 2.62512
54 0.979841 2.66948
56 0.985756 2.65346
58 1.24802 2.09585
60 1.01412 2.57923
62 0.881508 2.96726
64 0.86679 3.01764
66 0.879005 2.97571
68 0.971455 2.69252
70 0.879241 2.97491
72 0.82556 3.16835
74 0.89259 2.93042
76 0.820441 3.18812
78 0.817722 3.19872
80 0.790391 3.30933
