2 0.655333 3.39098
4 0.927772 2.39523
6 1.05691 2.10257
8 1.64144 1.35382
10 1.59719 1.39133
12 1.70378 1.30429
14 2.00579 1.1079
16 2.27575 0.97648
18 1.79626 1.23714
20 1.83727 1.20952
22 1.8918 1.17466
24 1.8404 1.20746
26 2.00615 1.10771
28 1.8686 1.18924
30 1.6317 1.3619
32 1.63138 1.36218
34 1.63263 1.36113
36 1.55152 1.43228
38 1.49478 1.48666
40 1.48907 1.49235
42 1.54788 1.43566
44 1.45108 1.53142
46 1.49848 1.48298
48 1.41702 1.56823
50 1.53349 1.44913
52 1.42997 1.55404
54 1.34196 1.65596
56 1.52139 1.46066
58 1.30254 1.70607
60 1.72352 1.28935
62 1.47364 1.50798
64 1.25575 1.76963
66 1.42374 1.56083
68 1.2763 1.74115
70 1.23201 1.80374
72 1.28571 1.7284
74 1.39009 1.59862
76 1.3324 1.66783
78 1.17076 1.89811
80 1.21939 1.8224
