1 1 5355.2
1 1 0.046745
2 2 9682.1
2 2 0.027737
3 3 13771.8
3 3 0.020585
4 4 14698.8
4 4 0.017426
5 5 19688.1
5 5 0.013247
6 6 22118.0
6 6 0.010878
7 7 25787.3
7 7 0.00939
8 8 23348.7
8 8 0.011032
9 9 25383.5
9 9 0.010021
10 10 27189.4
10 10 0.008876
11 11 28961.2
11 11 0.008344
12 12 27541.3
12 12 0.00877
13 13 26852.1
13 13 0.009713
14 14 31983.0
14 14 0.009136
15 15 32080.9
15 15 0.0075
16 16 30441.3
16 16 0.008912
17 17 30667.6
17 17 0.007849
18 18 31983.0
18 18 0.007973
19 19 33104.2
19 19 0.007592
20 20 32454.2
20 20 0.007445
21 21 26484.1
21 21 0.009315
22 22 32511.9
22 22 0.007432
23 23 30916.2
23 23 0.007796
24 24 34261.4
24 24 0.007356
25 25 29644.3
25 25 0.008307
26 26 30526.2
26 26 0.007898
27 27 31250.2
27 27 0.007705
28 28 32647.9
28 28 0.007673
29 29 32706.2
29 29 0.00737
30 30 31454.3
30 30 0.007735
31 31 30848.0
31 31 0.007846
32 32 33259.5
32 32 0.007315
33 33 32441.7
33 33 0.007423
34 34 30291.1
34 34 0.007978
35 35 29069.9
35 35 0.00833
36 36 32858.9
36 36 0.007337
37 37 32436.5
37 37 0.007451
38 38 28943.7
38 38 0.008417
39 39 33416.3
39 39 0.007256
40 40 31124.6
40 40 0.007807
41 41 31091.9
41 41 0.007757
42 42 30534.6
42 42 0.007958
43 43 27751.6
43 43 0.008736
44 44 31044.0
44 44 0.007941
45 45 31209.6
45 45 0.007838
46 46 27548.8
46 46 0.008836
47 47 30367.8
47 47 0.008002
48 48 27809.8
48 48 0.008878
49 49 33417.4
49 49 0.007319
50 50 30189.3
50 50 0.008084
51 51 26872.2
51 51 0.009077
52 52 25172.7
52 52 0.009626
53 53 25854.2
53 53 0.009357
54 54 25709.6
54 54 0.00941
55 55 26851.4
55 55 0.009088
56 56 27491.6
56 56 0.008825
57 57 28386.2
57 57 0.008568
58 58 29023.8
58 58 0.008381
59 59 26490.3
59 59 0.00947
60 60 26649.5
60 60 0.009234
61 61 27867.6
61 61 0.008744
62 62 26443.0
62 62 0.009422
63 63 25402.1
63 63 0.009619
64 64 25377.7
64 64 0.009799
65 65 26130.0
65 65 0.009238
66 66 25450.9
66 66 0.010163
67 67 26440.2
67 67 0.009172
68 68 25904.1
68 68 0.009445
69 69 25421.3
69 69 0.009752
70 70 20213.9
70 70 0.013021
71 71 23280.7
71 71 0.010773
72 72 21495.5
72 72 0.011585
73 73 26376.5
73 73 0.009587
74 74 28130.0
74 74 0.00865
75 75 23849.9
75 75 0.010977
76 76 25604.9
76 76 0.009552
77 77 20495.4
77 77 0.01268
78 78 23566.3
78 78 0.01143
79 79 24222.9
79 79 0.010554
80 80 25250.4
80 80 0.012778
