1 0.054311
2 0.025561
3 0.021942
4 0.016755
5 0.013578
6 0.011339
7 0.009364
8 0.011682
9 0.010547
10 0.008702
11 0.008138
12 0.008564
13 0.008553
14 0.008128
15 0.008377
16 0.007912
17 0.008569
18 0.008087
19 0.007764
20 0.00745
21 0.007372
22 0.007041
23 0.007076
24 0.007498
25 0.007977
26 0.007192
27 0.007048
28 0.007335
29 0.007431
30 0.007162
31 0.008224
32 0.007578
33 0.007331
34 0.007599
35 0.00752
36 0.007646
37 0.007713
38 0.008999
39 0.007612
40 0.007693
41 0.007657
42 0.007689
43 0.007699
44 0.008256
45 0.008545
46 0.008059
47 0.00883
48 0.008249
49 0.009001
50 0.007912
51 0.009694
52 0.008066
53 0.009151
54 0.009309
55 0.00943
56 0.008006
57 0.00991
58 0.00879
59 0.008718
60 0.008393
61 0.01081
62 0.009683
63 0.011914
64 0.009868
65 0.010131
66 0.009877
67 0.009286
68 0.01124
69 0.010264
70 0.012214
71 0.012504
72 0.009881
73 0.010459
74 0.012119
75 0.009707
76 0.01116
77 0.010625
78 0.011008
79 0.011775
80 0.012998
