x = [1 2 4 8 16 32 64 ];
name = {'/export/data/fredrikm/inf236/graphs/road_usa' ,'/export/data/fredrikm/inf236/graphs/rgg_n_2_22_s0' ,'/export/data/fredrikm/inf236/graphs/delaunay_n24' ,'/export/data/fredrikm/inf236/graphs/hugebubbles-00020' };
n = [23947347 4194304 16777216 21198119 ];
nz = [28854312 30359198 50331601 31790179 ];
TimeSequentialBFS = [1.566988 0.876933 1.363634 2.801410 ];
TimeAParallelBFS = [1.560417 1.450868 0.776525 0.429253 0.298837 0.291454 0.401856 0.877553 0.601601 0.362382 0.216889 0.147924 0.175092 0.218712 1.380603 1.213498 0.533058 0.336837 0.202839 0.164214 0.201568 2.804804 1.826272 1.010566 0.533065 0.396793 0.362915 0.485969 ];

T roadusa rgg delaunay hugebubbles
1 1.560417 0.877553 1.380603 2.804804
2 1.450868 0.601601 1.213498 1.826272
4 0.776525 0.362382 0.533058 1.010566
8 0.429253 0.216889 0.336837 0.533065
16 0.298837 0.147924 0.202839 0.396793
32 0.291454 0.175092 0.164214 0.362915
64 0.401856 0.218712 0.201568 0.485969

acc:
T roadusa rgg delaunay hugebubbles
1    0
2    6095123
4    0
8    0
16   1
32   2
64   1
