x = [1 2 4 8 16 32 64 ];
name = {'/export/data/fredrikm/inf236/graphs/road_usa' ,'/export/data/fredrikm/inf236/graphs/rgg_n_2_22_s0' ,'/export/data/fredrikm/inf236/graphs/delaunay_n24' ,'/export/data/fredrikm/inf236/graphs/hugebubbles-00020' };
n = [23947347 4194304 16777216 21198119 ];
nz = [28854312 30359198 50331601 31790179 ];
TimeSequentialBFS = [1.777105 1.085145 1.485444 4.938498 ];
TimeAParallelBFS = [1.709781 1.219301 0.728480 0.425724 0.269457 0.200522 0.214044 1.067128 0.578786 0.343325 0.191816 0.124732 0.104034 0.127332 1.530934 1.115741 0.650750 0.346997 0.199339 0.144631 0.144103 4.223706 2.001932 1.034017 0.593075 0.337855 0.220400 0.235126 ];

T roadusa rgg delaunay hugebubbles
1 1.709781 1.067128 1.530934 4.223706
2 1.219301 0.578786 1.115741 2.001932
4 0.728480 0.343325 0.650750 1.034017
8 0.425724 0.191816 0.346997 0.593075
16 0.269457 0.124732 0.199339 0.337855
32 0.200522 0.104034 0.144631 0.220400
64 0.214044 0.127332 0.144103 0.235126

acc:
T roadusa rgg delaunay hugebubbles
1    0
2    0
4    0
8    0
16   0
32   5185
64  
