x = [1 2 4 8 16 32 64 ];
name = {'/export/data/fredrikm/inf236/graphs/road_usa' ,'/export/data/fredrikm/inf236/graphs/rgg_n_2_22_s0' ,'/export/data/fredrikm/inf236/graphs/delaunay_n24' ,'/export/data/fredrikm/inf236/graphs/hugebubbles-00020' };
n = [23947347 4194304 16777216 21198119 ];
nz = [28854312 30359198 50331601 31790179 ];
TimeSequentialBFS = [1.778238 1.248231 1.495524 3.218935 ];
TimeAParallelBFS = [2.142794 0.998348 0.551180 0.406920 0.292136 0.281443 0.348212 1.257586 0.566198 0.345892 0.195143 0.146025 0.170837 0.218912 1.834949 0.937775 0.638575 0.335836 0.205411 0.151668 0.182695 3.088921 2.056869 1.018592 0.577314 0.398381 0.378849 0.466201 ];

T roadusa rgg delaunay hugebubbles
1 2.142794 1.257586 1.834949 3.088921
2 0.998348 0.566198 0.937775 2.056869
4 0.551180 0.345892 0.638575 1.018592
8 0.406920 0.195143 0.335836 0.577314
16 0.292136 0.146025 0.205411 0.398381
32 0.281443 0.170837 0.151668 0.378849
64 0.348212 0.218912 0.182695 0.466201

acc:
T roadusa rgg delaunay hugebubbles
1    0
2    0
4    0
8    0
16   1
32   2
64   3
