x = [1 2 4 8 16 32 64 ];
name = {'/export/data/fredrikm/inf236/graphs/road_usa' ,'/export/data/fredrikm/inf236/graphs/rgg_n_2_22_s0' ,'/export/data/fredrikm/inf236/graphs/delaunay_n24' ,'/export/data/fredrikm/inf236/graphs/hugebubbles-00020' };
n = [23947347 4194304 16777216 21198119 ];
nz = [28854312 30359198 50331601 31790179 ];
TimeSequentialBFS = [1.568276 0.865893 1.352065 3.380611 ];
TimeAParallelBFS = [1.598203 1.375186 0.763902 0.304963 0.265961 0.250951 0.312814 0.872044 0.570689 0.358203 0.204515 0.147258 0.171226 0.204075 1.408174 0.994790 0.670101 0.348662 0.210787 0.154256 0.188006 3.461700 1.913450 1.027452 0.531675 0.327152 0.243940 0.285755 ];

T roadusa rgg delaunay hugebubbles
1 1.598203 0.872044 1.408174 3.461700
2 1.375186 0.570689 0.994790 1.913450
4 0.763902 0.358203 0.670101 1.027452
8 0.304963 0.204515 0.348662 0.531675
16 0.265961 0.147258 0.210787 0.327152
32 0.250951 0.171226 0.154256 0.243940
64 0.312814 0.204075 0.188006 0.285755

acc:
1 roadusa rgg delaunay hugebubbles
2
4
8
16
32 
64
