1 1 5345.7 4733.4 5387.4 3775.4
2 2 9288.3 8038.6 9398.1 7008.6
3 3 13764.6 12017.4 13948.7 10575.2
4 4 14974.8 13431.7 15004.7 12589.6
5 5 18772.1 16677.2 18782.2 15502.5
6 6 22609.8 20471.3 22531.3 19799.6
7 7 25825.7 23252.4 25410.4 22225.9
8 8 22650.5 21116.7 22774.5 22945.6
9 9 24600.6 23965.7 23750.9 25902.8
10 10 27916.3 26645.3 27273.4 28510.9
11 11 25252.3 24009.5 24676.0 27533.0
12 12 27710.3 25740.8 27608.5 29520.5
13 13 28295.3 26855.4 27140.3 32882.0
14 14 31579.7 29958.0 30797.1 33327.8
15 15 30437.6 30911.5 30322.1 36280.9
16 16 30192.0 28860.3 28891.4 37338.7
17 17 29097.6 29756.1 29465.6 31328.5
18 18 33026.0 31255.6 29415.7 40649.9
19 19 32472.0 31558.4 30698.5 41961.4
20 20 32406.2 32435.4 32568.7 37442.9
21 21 32720.1 31183.0 30158.6 38186.4
22 22 31708.0 31802.1 30654.5 39770.6
23 23 31165.1 31360.7 31108.3 42217.5
24 24 31116.0 31988.6 31185.4 40527.1
25 25 29891.7 30136.9 29108.6 36175.3
26 26 30276.5 31416.5 30960.0 36958.3
27 27 34299.9 31770.5 30832.9 43764.7
28 28 33379.7 32990.3 31193.1 43478.4
29 29 34139.4 33016.3 31172.8 44831.9
30 30 33397.5 31110.7 29676.7 34812.9
31 31 31637.2 32454.2 31483.8 43489.6
32 32 33333.3 31727.0 30943.8 41057.7
33 33 31088.1 32276.3 29688.9 38104.1
34 34 31932.3 30591.6 29055.6 39302.4
35 35 33543.3 31165.6 31071.8 37539.2
36 36 33764.9 31261.4 31392.5 41755.1
37 37 31434.7 30995.7 28361.5 33777.4
38 38 32206.1 31001.5 29607.7 36330.0
39 39 32904.0 31607.4 30840.5 36513.9
40 40 32210.2 31558.4 31189.2 39196.8
41 41 31369.1 31268.7 29773.2 32559.7
42 42 30367.8 30875.9 30113.5 36314.3
43 43 28255.6 30195.2 28238.9 34521.0
44 44 30903.9 30751.4 30460.6 38158.2
45 45 28877.3 30705.0 28989.5 34100.0
46 46 30136.0 29493.2 28321.6 38086.8
47 47 28533.5 28343.5 28063.4 37878.2
48 48 29322.3 28515.7 28793.8 39341.6
49 49 27900.8 28504.8 26944.9 33270.0
50 50 29318.8 28643.5 26575.0 35673.4
51 51 30855.6 29939.3 30311.1 42725.4
52 52 30726.6 30057.3 29361.6 42676.5
53 53 24935.2 25485.7 24296.6 34647.6
54 54 28034.4 26012.2 26007.8 35381.9
55 55 26313.1 27865.7 25641.5 35492.3
56 56 29455.2 31409.2 29483.7 38912.7
57 57 25906.8 27648.7 25133.2 35603.4
58 58 27060.0 29592.1 27170.3 37906.0
59 59 27488.6 28389.0 27272.6 33626.7
60 60 26542.7 29968.7 26731.6 33298.0
61 61 24627.7 25331.7 24955.6 36545.7
62 62 27195.3 24917.9 25862.2 34498.0
63 63 22597.1 24070.6 22267.7 28927.5
64 64 29253.2 30581.9 28523.8 31909.5
65 65 25178.4 21396.1 24171.8 31038.7
66 66 27998.6 26238.0 26746.5 39044.0
67 67 24149.7 25352.8 23419.3 34865.4
68 68 22077.2 24592.8 21352.3 29233.7
69 69 25055.0 25539.0 24574.8 31007.2
70 70 26824.2 28061.4 24407.4 32231.3
71 71 29254.1 27435.0 27962.0 34386.6
72 72 26038.8 25284.0 24618.1 39931.5
73 73 25257.4 28490.3 25220.7 29460.8
74 74 21261.7 22525.8 20668.4 29032.6
75 75 22440.4 27586.2 23389.4 35820.1
76 76 25878.8 24999.6 26015.9 34298.7
77 77 22336.4 25312.6 22056.9 25205.2
78 78 19348.3 23547.0 19883.7 24953.1
79 79 22699.5 24187.7 22176.9 34692.3
80 80 17303.5 13949.6 15508.9 23780.6
