x = [1 2 4 8 16 32 64 80 ];
name = {'/export/data/fredrikm/inf236/graphs/road_usa' ,'/export/data/fredrikm/inf236/graphs/rgg_n_2_22_s0' ,'/export/data/fredrikm/inf236/graphs/delaunay_n24' ,'/export/data/fredrikm/inf236/graphs/hugebubbles-00020' };
n = [23947347 4194304 16777216 21198119 ];
nz = [28854312 30359198 50331601 31790179 ];
TimeSequentialBFS = 
[1.739677 1.042576 1.549098 4.052872 ];
TimeParallelBFS = [1.734203 1.200486 0.788950 0.461280 0.327205 0.357365 0.699687 32.802406 1.081684 0.606074 0.335648 0.188359 0.124455 0.126939 0.214437 7.405352 1.783102 1.025448 0.627425 0.355146 0.236014 0.246382 0.498225 9.848995 3.489007 1.882132 0.974213 0.523627 0.373559 0.392521 0.856313 22.588494 ];

T road\_usa rgg\_n\_2\_22\_s0 delaunay\_n24 hugebubbles-00020
1 1.734203 1.081684 1.783102 3.489007
2 1.200486 0.606074 1.025448 1.882132
4 0.788950 0.335648 0.627425 0.974213
8 0.461280 0.188359 0.355146 0.523627
16 0.327205 0.124455 0.236014 0.373559
32 0.357365 0.126939 0.246382 0.392521
64 0.699687 0.214437 0.498225 0.856313
80 32.802406 7.405352 9.848995 22.588494
